6808
3499
2354
2162
3352
8297
7647
6677
3815
8452
6804
9719
2958
467
9468
6266
6469
3382
1186
6967
3966
667
4203
6986
1291
4101
2850
720
1160
5929
4606
1523
9878
9460
1898
8127
6850
1603
9423
7284
5023
1694
6598
1134
5411
7355
884
4099
8763
85
9620
3755
7774
6985
2827
7250
2613
4985
4800
3910
2014
3022
9432
6542
9701
2944
8136
6894
1779
772
7834
1483
8143
4273
7638
9562
1157
5292
2975
7085
1905
7018
9036
4360
2990
9401
8223
6200
4104
5136
2271
6911
4892
7117
3705
3257
5218
1068
2279
2358
6897
5391
5555
4127
4151
2132
5509
9495
7077
4962
6791
6941
8852
5478
7833
7142
2455
6091
1466
8423
9801
2530
2238
6985
2167
8415
545
6055
9856
9159
8440
5407
4369
6184
3628
7092
3024
6397
9780
1505
5327
24
4181
4875
2800
7580
6098
2002
1484
1924
7631
2512
6162
8220
2019
371
9502
6629
2413
8601
9351
1829
9425
422
1332
2746
7818
8345
5857
8656
3401
5604
1159
3573
3106
8053
899
4176
6820
2733
2452
4357
9008
5634
9200
8613
9451
94
4342
7306
9356
632
4681
5502
3957
2810
367
1904
9033
1272
3216
8107
827
5375
519
3951
8413
518
4883
8317
3414
8806
332
7937
6353
3909
5778
5119
2059
4725
7627
4619
7502
6777
5988
2449
3271
5814
3414
3166
4837
1709
6917
8878
476
2274
7696
3807
8002
3302
5000
7894
7266
750
9387
8929
1256
6097
8658
4704
7971
7826
6900
6206
7200
4563
1782
1895
615
7651
7673
4756
2315
7734
2014
436
9982
4123
4146
5052
1812
1029
7928
2075
221
1599
3495
6054
6281
5748
3634
3842
9751
3966
4919
4433
4054
2574
8456
5687
6114
9004
732
715
617
6435
7895
1640
3786
5868
9584
8932
8422
6407
7521
8922
4124
8748
3319
9119
1932
4128
4520
2858
3980
9246
8078
6436
2111
5364
9483
5328
1847
8459
2785
2278
3370
2507
7299
1121
6180
4386
3285
3277
1566
4494
7237
5768
4324
8481
9758
2965
333
1029
1906
4142
8943
6844
4096
3744
2180
2153
5894
1433
225
718
9273
6426
72
3298
4658
9312
9808
4735
6712
93
5007
3614
8385
4563
3528
6984
7236
9127
182
5290
7425
7706
4910
6576
3924
9013
6927
9826
714
6144
4939
7366
8924
8521
696
1622
734
38
6544
5287
3137
6718
5534
8926
6400
9172
7793
5111
1998
6076
6220
9844
9393
9337
5657
5263
5115
6953
5142
2171
2400
43
6218
3915
9111
9575
5880
8448
4956
3842
8009
7800
9341
8591
5844
3927
9548
7032
6907
9629
3533
6717
4406
4187
5756
489
688
9290
1651
7860
4371
9630
6709
6406
6186
5712
1148
5489
7209
9563
200
4370
5423
5486
1925
8985
7439
6557
2033
171
6788
717
9449
6632
1055
6990
6653
9635
3039
8734
9164
9008
2825
9502
5792
4099
7669
4186
8401
9440
5767
8081
6547
5042
3273
6508
6024
2517
4111
6677
8871
4546
9527
5064
3240
6395
5171
8860
1975
2307
1472
1356
3351
2416
3992
3303
3614
8731
16
9416
7069
2569
8377
9358
3644
1034
3232
5552
104
8383
7380
3272
2869
8293
1204
1131
114
6760
9501
1772
8815
9814
4946
354
8968
5310
1536
325
8903
6105
2784
602
4379
3232
9842
243
4034
6907
1641
6430
3336
8255
3655
3630
3054
3800
9663
977
2062
2191
4183
103
4409
4173
2168
5836
8451
5136
5425
1772
8046
7544
6765
4447
3694
1151
2253
3207
4973
5652
7936
8433
9822
8026
940
7305
3058
2169
7779
7382
728
5499
5300
6982
8184
8610
4620
4321
387
6694
3532
861
9458
9401
5230
5759
8031
1311
494
6478
3938
995
3203
1172
893
3202
3188
3850
3737
583
118
3042
1767
6018
3755
914
8472
461
5781
330
3187
8930
3968
7845
915
3175
3347
1778
1260
7822
3103
5660
8198
2514
7076
2143
6212
7904
8552
5098
8537
9265
7695
1481
2719
5699
9354
2149
6550
3209
6325
8182
1526
3685
2575
1227
1516
5175
7449
9704
1195
4757
2319
9314
2576
1427
432
8198
133
7149
1981
6209
2413
8467
6906
223
1861
2667
979
5561
2261
706
5716
50
320
8314
9907
7061
3914
7694
8275
4639
8909
8719
7128
4875
2950
7248
1799
1429
873
3185
7858
1191
8174
8239
8200
4340
8326
6664
8165
5930
8878
2474
7586
4248
3379
8334
5472
1616
6684
4046
897
8753
2876
4546
7389
1255
4062
9976
223
80
8881
6738
2475
8137
5316
221
4442
4423
6410
8986
3611
6671
1477
471
2405
1207
4617
6381
4262
1724
6520
9186
5319
4043
8060
207
6884
5372
451
5588
3295
9022
4884
9286
1441
6972
684
1844
1088
912
4269
4379
4464
7877
969
6299
1407
4359
7555
8818
2612
5840
7020
9576
3725
8051
1041
2529
3844
6424
1161
499
5100
9786
7628
8580
3974
3203
564
2160
4469
742
9826
5509
8603
7357
2034
2883
9450
6750
28
9404
1110
3469
9550
3117
6104
2354
1537
2943
1504
9963
9864
9969
9596
8346
3262
3749
8377
7669
1153
9642
3297
6214
577
9414
502
9362
8070
2921
2400
3258
6462
6433
1000
4131
6480
7511
5682
2064
3583
7635
862
5964
7306
9174
5677
5300
3065
2395
9817
8296
1400
3945
7980
510
323
316
6198
3817
3550
7235
5645
4836
4846
9755
3687
6726
6202
5708
4183
1102
9530
83
9303
6034
8570
6287
8631
8294
4523
73
1762
4129
4001
3825
6601
9005
9810
4803
3725
1137
7436
4374
8322
7983
9990
9581
4262
4147
5011
2733
8025
6441
4770
8560
6359
1258
4888
3214
7418
8230
143
9545
2610
5294
7163
8944
3896
7337
6906
4752
7617
470
218
8195
6611
9328
3893
1886
6502
9841
8019
4926
1171
4258
5078
355
9477
5896
5843
1495
7488
1889
9142
2057
6922
9368
5593
9496
2459
7397
3004
2749
8073
7693
3647
8035
6949
8489
8994
1476
8434
2274
5813
9613
9619
2570
7816
3493
4320
1468
5511
1371
2196
4992
9041
1092
4752
9538
4572
7183
8754
7808
2871
4904
1958
8100
6391
4279
2190
245
1873
4886
5286
9236
6544
2250
7919
5581
3488
7155
2206
7064
586
1117
7740
4687
1706
2679
4090
405
5174
980
2729
2781
9843
5095
7927
3127
9609
8393
5855
4869
2139
747
945
9432
9592
8218
7998
693
5312
5309
9573
493
9036
4394
5191
1647
2799
5091
860
899
9949
5164
3583
1122
2810
251
2739
1635
4363
6291
1934
9185
1172
3897
9063
6864
2743
12
2825
6247
3165
567
3297
6863
5452
6140
545
3778
7971
9457
1532
2568
3612
4843
5941
6553
2987
842
3369
253
1612
5676
9214
7140
9954
2262
8585
3713
5265
2870
4915
6575
8530
3300
6110
7344
8137
1572
7932
8262
3273
642
6757
1171
2638
8079
1779
4526
2086
5192
8578
7763
748
4427
7055
7024
2568
3965
4262
784
2643
1678
3085
1187
8049
9756
3038
9951
8917
57
9944
9904
9437
4797
5211
3916
2767
9541
6670
3476
8617
1023
3913
5460
9763
2054
5188
2813
2782
3984
2059
6553
415
1006
9491
8314
6689
3016
8957
9856
4763
2341
8525
3222
3966
1015
3950
5405
3076
645
6850
6690
2489
8215
5717
8967
1450
6602
4188
9288
6017
1265
365
6534
2780
8761
8235
4961
8547
4807
9658
9401
3258
4310
920
837
1522
9454
7990
3858
4181
4785
2119
4921
1123
803
7627
2822
903
8432
9398
7290
5928
1539
1988
1851
9688
8827
868
445
7629
5296
8893
3373
7661
9368
285
9081
8200
5879
6831
3960
5168
2363
6785
8496
9704
3618
4766
9059
1734
4999
2867
1838
8785
2496
607
6298
35
6460
5236
7025
5666
5010
4099
6421
88
7354
8997
1171
3020
1367
3799
82
5459
3034
3423
7806
3209
6616
7576
2392
60
531
8327
1375
851
5410
8300
8609
8744
7590
3692
2973
6289
3360
321
2346
6905
9414
5910
3271
7906
520
4915
6034
6065
1168
9081
2323
5967
3165
8561
3496
6080
1952
6151
7851
2348
7835
2413
4959
3031
3658
5430
8166
4715
4759
6895
1362
2996
1570
9124
1941
2486
292
1403
2729
9397
3067
5719
3797
8997
5542
7252
6621
5450
5329
3729
121
6006
789
892
2508
6638
7051
2801
9467
6190
7758
6712
3073
4884
5747
5206
1627
6567
3964
5573
5431
2083
8552
7536
3226
2221
9884
6159
242
9515
2209
1250
7561
9355
939
5417
8659
950
4948
8869
129
7507
1728
7973
9938
6591
2075
2137
830
2527
6434
7028
160
9839
5710
6295
5111
3794
8524
7503
5555
5829
8782
2084
2270
2360
4209
3221
3343
8872
7796
2405
4648
5931
7867
6003
7357
9376
6168
8669
2768
1485
2050
5946
3104
4640
5647
3256
344
6553
9224
1265
1389
8388
5612
1389
3910
639
4493
3367
9263
9157
3765
3047
9139
5200
3863
4969
6372
9811
114
6805
8127
5410
5419
7682
8210
205
4733
9032
630
630
6150
3826
2373
1213
8504
1280
8782
4103
7521
3274
6128
1304
1624
8516
1693
1960
1326
450
254
9674
1995
707
3057
7810
4255
4916
4517
7556
7864
6919
9159
4647
3079
3525
2451
6317
3397
7095
2114
7569
4190
1124
3920
5647
7039
8855
5940
3309
8952
7087
6225
3135
871
4126
6012
6019
3098
1940
6876
1880
9985
4174
2923
4553
643
4180
8417
294
3688
510
7035
5463
4556
3064
6614
5088
657
7245
8440
4682
4018
6934
5451
2265
2393
2105
3184
1084
4056
6476
7434
8614
6125
2253
472
3598
2173
921
2001
1117
2358
7834
3427
3737
4358
6977
8184
6995
7138
5351
3016
9556
4092
4467
2926
2587
2544
2010
9908
4466
9463
9559
6394
4123
8822
6553
5138
9925
4964
2948
2722
9200
6530
7537
5944
3269
4859
9397
9461
8984
9574
81
1577
7569
464
9920
6658
793
3970
3097
6076
7505
9668
7401
8179
5013
290
8610
4472
956
6378
6055
5896
5332
7017
1869
4656
162
2105
8323
1819
1351
1834
8206
738
1183
1908
821
6051
6533
1497
1948
8
9812
52
1837
1331
5489
2475
5867
140
6412
8805
4896
7211
5273
2728
7789
1124
6151
4143
752
5504
5641
5195
9626
4632
5233
5188
4094
4106
4008
3165
74
3406
9311
5166
3318
6283
371
4018
5662
8469
2869
8007
8322
3650
9805
556
8849
28
9303
2306
7056
7323
4931
5654
404
3519
532
2361
3361
2722
5786
7035
1543
8099
5689
5375
2679
1239
2143
8968
1341
1815
4417
9193
4019
6165
7118
5114
2513
549
4401
4016
7978
6768
2842
9947
3594
3913
7481
7179
5431
6317
3951
3374
4402
6277
1404
1078
8410
5912
6254
3435
3333
1642
1032
5443
7756
6591
8981
6619
6013
1038
8314
2608
4091
4313
5571
3974
8543
3563
2366
8396
5015
3979
2585
8470
7261
7659
1346
3758
7474
8115
1449
269
2197
135
8446
7358
7808
557
698
1496
2608
1746
7812
3134
1083
494
1532
8745
2885
676
8980
6347
3281
4929
3471
2566
3238
5610
6994
6760
8666
4838
181
2326
7127
7115
1614
460
6932
3109
7714
8050
8851
3035
3397
6656
4220
7990
1589
5621
4089
503
5732
3064
1990
9183
6143
7220
5969
3246
8416
1569
4549
9868
1581
1906
2829
203
4656
5906
9894
5018
5984
2575
1554
508
2922
4805
8936
2242
7574
4941
2513
2375
2984
9467
3121
5760
8971
2098
7526
8870
6486
8283
7625
1409
3381
5562
36
975
309
6321
2853
1062
3224
5529
7812
2438
6845
9265
8951
4766
1960
3440
2070
6487
8830
1288
8817
5150
1823
7673
6960
8085
8050
7830
7022
9891
6032
6992
7854
3024
99
1631
4226
7991
2110
7273
2819
3538
4117
1089
1392
203
2926
4635
1167
5589
2157
277
7302
8856
4199
7118
1307
1420
9717
7287
9574
3036
403
2802
9870
9574
3780
8675
872
5374
1306
2740
5883
301
5583
1872
6491
2884
1985
4166
7890
3130
7231
9566
5219
1916
3470
8901
9778
1164
7066
783
8862
7078
1157
8583
4049
3622
4525
5763
6703
7878
4609
7879
2877
472
1993
8849
4770
6692
5082
1507
8415
1884
2162
3570
7870
7605
1232
5383
3638
7479
7597
7559
9425
9156
1696
3715
6269
3767
8662
6773
1811
1392
1585
1780
4938
5592
915
5365
4369
2014
6288
9945
3729
2283
3213
6137
2422
605
9922
7215
4487
2206
7993
1288
3449
2621
6045
2432
1150
2959
3772
3507
6267
7909
4777
91
976
2050
6403
148
678
278
2574
1852
4893
4706
7989
9211
6305
7779
9903
9665
4526
3319
2636
1745
2670
3574
4832
714
5039
8754
1665
5130
5094
7184
3011
7373
8073
1048
5346
906
6159
6781
2500
9540
3746
9332
7368
1226
4341
8737
7962
766
7055
7328
1555
5643
3585
6834
6429
62
9670
8667
9409
5459
9087
3952
7963
4692
1852
2263
8626
9744
5071
4935
3743
383
6668
9525
8918
4276
7523
1914
9231
9838
3110
168
744
5345
9826
668
4763
9694
1028
4745
633
2604
9650
1963
890
7664
211
4181
1133
8577
3842
7663
2805
1925
4560
2
6937
6431
1694
7088
9296
8075
9066
2100
4497
373
9491
6341
1513
5069
2337
9041
9693
2724
2775
1426
8672
7880
9308
4641
9649
3528
969
1759
572
5064
5662
1584
8627
2508
3072
1953
7148
388
9222
8365
710
4004
1590
4595
1266
881
6237
8098
9229
4109
941
7838
7074
4892
3799
1726
5006
2392
1666
4177
9112
1432
2609
1635
3955
7132
1312
7444
7479
9926
976
5414
8180
3643
6676
3859
8564
3189
2330
6259
9474
8263
9983
9138
5137
7055
8344
6042
381
7957
8430
4372
7945
664
2456
3238
6912
78
1246
2746
150
2408
4281
7177
8378
7729
8053
7580
6450
159
3125
6591
1345
9951
7362
7006
5522
4437
2933
861
6602
3983
1040
8310
3037
5928
2111
2853
3790
6926
3783
6512
127
1491
4958
8073
6902
8632
9914
8773
1118
9284
695
4105
9596
9362
8141
6986
8516
364
7669
6638
6834
1853
201
1161
7070
5232
1457
7616
7692
1754
7247
4602
4183
8423
7015
5751
969
5272
6943
5107
5567
6751
9375
9440
8259
6228
1320
9513
7657
7004
7825
3535
2177
8785
1711
7717
9302
3402
3532
8415
347
7437
9399
9815
6838
9627
6764
9051
5898
7985
4463
2975
7349
8418
6087
9438
561
4248
3588
9091
9589
804
7940
9966
4917
5100
6041
6870
8527
8439
3612
1661
735
3101
747
9849
4362
6032
1889
1705
7227
5537
9837
1888
6492
2619
5527
9826
3000
5409
8985
3831
9033
1490
936
8887
6600
3459
171
542
1396
2308
7644
8176
5919
1590
7029
5112
3642
3724
5019
2479
9107
3945
8499
5725
7992
5880
2767
3351
7347
9942
8159
3644
4673
6788
5736
6431
7188
990
5480
1899
2
8777
8146
8146
3281
1725
9496
1457
8237
4557
621
6461
2751
554
789
6751
3735
632
9008
248
7252
8551
4172
9062
3135
5727
9911
7596
2479
2054
6028
3859
3974
4685
9988
6684
5780
4471
9936
1605
101
2504
4046
1081
8100
2255
1875
9581
8258
8086
1137
6838
6143
4858
8641
9719
3691
8151
6151
1377
2765
7756
8493
3921
9293
1659
5228
7286
9586
7976
7050
6042
7425
8519
7908
3771
4910
5833
23
3212
9313
3851
370
641
510
3116
3036
6504
8884
64
528
8375
6127
1714
5523
5839
2900
3470
299
5949
192
3159
878
7668
4306
6536
9264
3555
4060
8787
2358
52
8790
6448
9956
3242
3196
7429
2478
6090
3826
5331
1440
5347
3782
7336
3367
9787
4232
5569
8605
2278
8120
1483
9097
4140
3865
172
6996
2411
9828
3701
5577
9618
6197
4736
5836
9402
5553
6687
1258
6306
7315
64
9582
7446
5063
3457
7609
7859
4562
4451
7101
9581
462
5265
9840
2868
2877
6636
8121
749
2440
6897
1489
5808
7925
587
4433
6015
7753
2576
9273
3167
1802
9498
1458
5701
6640
2409
1793
6545
1642
9075
8661
5510
9984
4529
8665
7679
6198
9105
5663
7106
1556
7576
5328
180
6777
8874
1929
5662
6903
2031
7398
6254
3618
6912
4880
4577
7885
2871
7720
96
8254
6394
636
9563
584
589
5180
9752
1959
2296
4516
1739
6643
1564
1044
2857
7788
8822
3502
3441
2520
8751
9259
5168
7999
7911
592
9220
1907
1666
7459
8546
5073
693
9964
6115
2879
6462
5413
8714
9877
420
2127
3592
335
8257
7951
3492
1001
9546
9990
9691
3702
9665
3231
5271
866
4084
3588
4309
3711
4663
9006
9081
4992
4499
6289
4621
1425
8832
170
9209
1375
6480
7557
4476
1936
9794
7335
4051
3560
5192
774
8032
6662
8255
7617
3328
46
7276
984
1961
4111
4239
7889
1530
8066
7354
8367
748
3691
6965
3359
7401
2707
1463
180
7547
2015
4811
8807
6057
2420
7353
3005
8756
6448
5158
8712
2945
1774
7016
9122
7090
5733
3184
2588
8640
1437
803
4855
1796
8252
6051
4701
6381
8316
4152
7857
3208
4467
9526
4392
4519
8686
8738
1719
5984
1137
8995
3491
9238
8594
1247
3589
2910
6416
8861
9322
2638
2072
9651
4158
2631
8558
8507
1596
9570
8052
7007
8891
2648
937
9526
4569
8251
723
6609
2161
6308
6406
242
3631
2486
1168
4602
31
658
971
3218
9132
8650
8950
9015
9960
6934
7532
9002
7961
8336
5971
3050
9797
9594
8134
2877
3502
8191
8026
7543
2177
8341
4260
2492
6037
3762
8709
7017
4192
8649
2758
187
8316
9841
4094
9402
5700
9729
9048
2197
9227
219
5788
7999
6228
9988
439
4472
4314
9279
3059
5026
1949
8925
4379
9100
6481
5459
1543
1713
4435
4846
6480
260
511
1760
7060
7276
1639
5255
440
5097
1363
3253
8953
9629
9121
9252
1166
8231
320
9035
5775
9817
6947
6187
8835
8892
3170
5434
3041
9026
31
1968
2629
2191
7732
5533
2746
5103
3722
594
8569
8261
9196
3018
9917
6434
8751
3538
9718
9812
5929
4214
1048
4029
2596
5392
3608
8360
8791
3361
2779
9151
9122
1002
3292
9853
4558
2172
5496
8703
6802
1749
4885
3806
3997
5947
1160
3099
8952
5167
5033
7759
3604
4715
2543
157
2508
6922
6185
6235
566
7756
6099
6099
2263
7097
8068
2184
1630
1955
4571
1809
6424
2210
7199
3432
4637
4268
292
7166
3428
9529
4374
1550
4518
4814
3776
5611
2786
8338
5509
5753
3125
1985
304
2812
4827
3782
6682
4379
8921
9393
1043
229
6147
374
6331
5873
5091
5907
6593
5249
5142
1970
9368
1858
9730
6808
3925
6099
852
2040
8148
8891
9956
8861
3462
6190
422
6401
1951
3813
7738
6284
4481
3843
3164
7781
5646
7721
6145
6042
5798
225
385
2867
4449
8861
1071
8071
2641
9711
7264
2351
5405
9532
7886
9705
9793
368
370
4138
3013
8127
9123
4956
6581
5908
3079
9137
849
6881
5694
4839
8406
6779
2021
8294
8026
1077
8074
4934
6910
1021
8926
9110
2386
6649
4170
7932
1959
4023
3757
8674
8167
4519
9500
7741
5153
8213
3330
5522
8809
7153
4766
2351
3078
3880
5851
4067
3569
1682
8704
7587
886
561
4466
3618
5938
1781
279
5386
6701
4227
3491
1776
1743
9833
7838
5176
5203
2892
9141
9172
6648
6184
7444
5352
1538
7818
4063
7729
8254
7175
2291
4699
6747
4661
2320
8501
9376
7616
644
9565
8992
8967
2014
4999
3990
4005
6427
7547
7353
357
1862
8463
5086
6544
7971
3761
3851
2820
3048
7369
888
9033
6617
8474
1693
9185
7858
6030
4953
8833
3452
386
9173
7813
6224
4304
5347
2861
4205
150
2467
8382
1712
3771
3035
9977
4445
7957
9660
9475
935
5801
295
2071
5805
8838
5036
4144
1389
2158
3359
8357
61
3920
465
6021
8086
7237
4329
3141
7607
4967
7457
521
3317
6631
654
8202
67
8702
8883
2973
7968
4190
1087
2326
954
6456
1607
9607
7321
5388
4431
5881
7163
9731
7708
1325
6745
3799
8924
8388
6997
1612
9679
7610
1354
7439
2672
4664
8914
4509
1021
3461
6277
6596
8499
6009
2808
920
360
1401
5329
6610
9684
3330
3602
6883
7166
9319
1945
443
1606
7654
6272
2283
8348
9156
3482
9759
3889
1285
7829
5105
1233
7552
512
3561
8252
9134
4851
7467
9122
14
7142
6252
6494
7965
4388
2406
5695
9197
1776
845
3091
9179
1597
4232
3824
7365
4230
8193
8431
8066
7726
6989
7505
7777
128
3953
566
3596
5555
2699
6927
8183
1188
2933
532
4287
8416
9206
1320
7947
3350
4972
4072
8991
1342
813
2167
8687
466
4245
9453
4410
1657
5835
474
5386
869
6035
1279
932
9942
1757
9640
6845
8956
2114
8115
9730
1362
5879
5273
8994
1314
2631
4252
2387
8905
4185
4986
363
1924
5829
9946
2916
6471
1682
9018
9965
1693
862
9597
2836
9838
6956
6145
3426
7781
6665
411
3414
2189
5267
9484
7605
707
2908
139
6367
6674
7934
265
667
6441
4566
5352
8726
7229
8810
1303
7076
5394
5630
1077
5106
4050
3232
7107
2729
3644
7343
9234
5823
4327
1383
6931
926
8524
5694
812
6001
9522
5064
9771
8152
5837
8005
7720
7199
8599
2012
339
8317
7318
718
580
712
8690
7297
8294
9942
4626
3918
7236
9590
5791
9434
8643
9873
9603
1511
597
9490
2855
7912
6637
8508
3327
3519
2445
8794
5327
4113
2056
6031
6923
865
6047
3443
8323
4893
9558
1537
5146
5335
4983
8028
8222
1724
557
5085
4649
4317
483
2704
5563
8388
985
3332
8282
7306
5119
6632
851
5023
2909
3194
5481
4648
9939
9526
7385
7817
893
1472
1460
8233
8254
7265
3976
2731
267
1923
9292
9682
191
8867
1034
6430
4969
1533
21
4985
5922
5477
7298
1199
5784
9904
6524
3376
9589
5111
8482
480
1546
1957
6117
4188
4661
6311
5896
5973
5106
9645
256
9681
702
6281
3247
9136
7696
1472
7718
9983
4612
9524
1205
5325
9768
1930
1154
852
8146
8800
8530
3342
3058
1650
2686
7451
2149
4961
8806
6629
9959
5135
3827
3375
6008
7175
6241
3706
4507
7
4764
3411
3895
3956
1948
721
592
6219
4067
9771
6413
5326
5627
8192
3014
8767
93
2934
5279
2428
4096
8246
314
5120
923
3499
8521
6769
3922
8284
8813
9723
7805
984
749
1676
168
9047
7973
5704
1038
6253
4237
9715
5559
3025
5584
3814
1573
1485
510
9820
8906
5073
4397
7926
8924
6327
8896
9580
1290
132
8497
8377
7160
6594
7225
727
8872
8828
9976
4251
4171
3983
1433
1272
2667
9769
3523
7593
6415
4997
5130
4724
6171
1806
9948
1993
864
9615
4988
4517
6447
2454
1686
1984
2906
9285
1143
6450
8406
164
7267
1544
8124
9028
399
6643
3479
5454
8604
9396
6660
6119
5500
4416
8803
2897
8026
7383
6872
2668
6141
9439
5237
6405
4001
375
5500
5385
3897
5405
9312
468
2513
9534
7677
3232
5408
9311
9174
6405
9264
5690
8476
5517
2769
5059
4828
9316
9639
9418
3178
1914
2639
6216
5539
3828
3970
4253
9909
258
4291
1036
1984
6129
8871
1839
2360
4972
5489
1921
2381
5596
4742
9580
1489
8770
5101
1557
5220
7769
1914
5099
2171
4447
1657
8185
6376
5069
7700
2748
2853
3898
5443
727
3109
8129
9844
2944
9923
3262
5616
3038
4308
3605
2218
7413
4391
410
9151
5209
5834
9486
2805
2362
9285
8578
1785
2816
2931
9379
6196
1400
2239
5821
1803
3821
7147
2036
7380
728
2220
941
7394
2603
5122
4844
6080
3457
602
2141
4411
1893
8030
1135
992
381
1929
5058
7364
6686
9367
1597
2811
6803
9915
70
382
4458
4533
1826
1069
796
5111
5689
1131
5195
6966
6279
2743
7484
2611
9900
5423
9474
6098
2290
2791
4202
7455
7438
5197
7502
4051
6523
4209
9572
1698
7331
937
4679
2734
8795
3634
9459
2956
7241
7108
4235
4208
8058
4020
4390
6228
8510
7807
4091
4564
3276
2397
697
699
2503
9115
6895
3132
8111
1990
4052
2505
7259
8502
3068
8494
489
5982
4108
7274
6770
7075
8302
9156
1512
8229
8396
5473
497
7868
6029
4881
2124
2333
2243
7968
4016
8568
7355
489
8908
8281
6746
5178
1434
4261
8121
4245
2490
8790
338
1964
9392
5759
8934
3986
4975
2313
7477
1664
5194
2415
7090
187
1458
1640
3430
8362
4571
4709
9868
6098
5960
9065
2588
7497
8110
2640
5288
3653
5654
5579
9893
252
1995
5626
4145
1961
6838
5423
6219
4287
3484
501
6440
1349
2680
3575
7928
1840
1674
9729
7470
2603
1846
4286
8930
3825
6070
4063
9074
9734
5295
8030
5290
3138
3491
285
1372
985
8670
2979
4972
5705
1877
9207
7984
7103
3374
2155
3506
2909
7911
3705
3530
7078
6137
7945
5942
6312
7101
4266
3648
5081
8914
5915
1844
9918
955
545
1660
4080
6912
3625
496
5546
7694
9822
3180
1371
4840
7518
2893
9660
8595
6109
8139
2799
5796
52
8044
2028
8595
5674
6769
8185
4392
8790
545
4565
9473
7378
3370
8640
5542
1035
4810
203
4665
5693
2029
9190
2915
2548
3658
8914
9036
2026
1845
7762
113
4256
196
8160
289
7347
2524
6354
6473
5924
4116
5401
7283
4571
3828
6843
6907
4444
4036
4111
1803
4246
3305
2903
4825
8371
33
2287
4709
731
8834
9331
1722
101
3664
5832
1750
7968
6735
5275
9867
2865
8742
6787
4822
455
2452
2707
1133
8268
4996
1851
3488
9304
7387
6212
8930
2114
5088
4321
8505
3424
3724
1752
8393
9486
3524
3445
1961
4120
133
2374
9284
2023
9533
328
2827
3205
1213
1254
4121
7046
5911
9911
6881
9927
1923
355
295
9312
8588
868
3603
7822
333
7867
190
8173
3055
5097
8401
5396
8828
6630
8611
2600
4382
6645
1277
1454
4251
2971
4352
3351
9435
4385
3514
7157
5152
4093
6521
5211
9076
2674
7508
6457
9976
3694
7650
3858
3314
5112
9135
9882
4979
8335
9194
1743
3308
2492
3368
1369
4079
3506
3820
9381
6297
2479
7638
9092
9507
3060
8377
4209
9549
754
4279
3064
5410
4460
2397
5566
6926
1871
8760
4534
4740
5624
7387
2328
489
1620
4830
6354
4617
9696
9615
2065
5810
1112
2315
3267
5400
559
7317
2192
113
7336
7736
1244
151
5233
4250
528
8299
620
1463
6840
9645
9308
2230
1156
3809
9713
4706
4551
9143
9611
3993
9278
3503
3437
750
1126
6171
4206
7887
2570
1464
677
1998
4001
8815
6073
7667
1422
34
5991
6421
6859
4203
1062
2956
2916
5
5571
4866
3945
9679
4352
3954
8341
6710
4932
1976
1272
4151
1122
412
7488
2326
4293
1379
8857
6295
9395
4363
9112
3482
6595
9922
6734
7025
5453
2562
2816
711
5235
7909
988
2581
5775
4111
5720
8909
8986
5280
7236
7073
4806
8324
7453
3483
5639
6621
6084
7990
8707
3535
8198
9432
3653
8975
7343
676
4852
853
3462
5144
4273
4291
6792
8651
8918
3887
5919
6401
2034
3809
2221
7312
1915
6374
9218
8270
8051
4625
4769
5210
446
1402
2170
3306
4859
9095
4769
8253
1952
5241
2541
5979
6853
2701
884
310
7547
3362
954
6103
3886
5542
4872
4707
5439
5240
4153
4449
2323
8376
7878
3572
4220
9050
1670
4668
6370
3733
5409
3789
4783
2658
6775
9482
2125
3074
9582
869
2349
3773
8441
6397
50
245
8696
5119
5981
3501
7449
1792
25
2372
1939
5518
3440
7807
2441
3472
356
3256
5899
8336
3068
9428
4878
1710
5113
8201
4990
2565
6032
5605
5500
3870
5238
1159
1834
7272
3491
7738
1995
347
6015
4880
3203
5516
4612
8408
400
7955
1729
3888
9815
3570
4395
6302
9265
5459
2669
9566
3003
5177
4616
2828
4394
8274
5691
6053
4670
1775
691
4700
9050
1670
2358
8720
5732
4018
4412
4639
4747
175
8092
7111
5856
1384
6002
4398
7321
9049
7212
2194
2305
6504
2528
7254
3400
9609
679
2977
4182
4812
1092
5414
4399
610
4358
3946
1386
5461
7490
1055
9060
216
8444
1917
24
1846
2771
9382
8149
5271
2815
5438
4619
8730
836
2664
561
8960
8703
9205
2060
1783
4724
8993
7390
477
6399
5997
3807
2666
2386
2043
7839
6104
8695
3830
2267
8864
9615
5846
1546
1163
4412
1352
2662
3071
1394
1057
3763
2599
7754
9965
414
7995
515
212
2405
3626
8861
3533
868
1828
6284
8122
1727
8123
7130
5106
8489
194
5257
8677
8007
7362
6303
960
7388
3206
2100
65
7744
7172
7597
9748
8541
3175
1976
8531
3105
4154
8280
988
8090
6756
8920
585
2157
8136
3027
7992
2211
5541
3466
3146
8613
2691
4347
9903
7083
2025
3444
3782
8636
1242
7965
2921
3856
9978
5320
2331
4906
7659
9311
3133
1775
9746
9163
520
1879
3270
8046
6360
9606
4358
2948
4007
5775
8321
1705
7821
7905
6245
3808
3442
7572
5590
7545
3919
3803
3369
6650
6605
6341
8872
3198
5718
9485
7602
2117
6050
707
676
586
3409
8680
1515
5422
7345
5893
3372
6804
6300
747
4204
1139
4153
3366
5094
9394
3306
6707
7515
56
4987
5459
8706
2963
661
9651
5300
6785
5963
6059
3869
6024
6612
8551
6675
1863
238
5765
6771
6744
6414
673
5538
5942
9497
1791
1762
8332
3097
9260
321
8673
6303
7836
4430
1944
3305
2477
5128
5732
4486
885
6707
4503
3391
2455
7947
6452
5869
3968
5483
7872
7381
2389
850
813
8586
4742
1545
9465
1539
6093
1504
3433
7361
1760
6369
3870
608
664
8561
980
8127
8587
3656
861
8330
1539
3448
7495
1174
8776
9072
5860
6663
3818
8675
9404
1568
3146
7872
497
5703
7029
6256
1732
4238
9825
5892
5729
5233
9267
1247
3204
4850
7247
134
3540
807
7290
9544
2078
3152
4514
7124
7911
3988
1182
522
8802
2251
345
2060
3534
8366
7472
9403
2643
7225
8448
1375
1387
7591
7136
8556
8237
5392
4118
2752
9875
4888
6910
8438
2107
2424
27
25
2383
9604
2383
4638
5304
8357
261
1796
6215
1503
8824
8243
1044
1248
2774
7089
88
644
8144
5343
5473
7930
2280
1864
6025
6534
2499
4278
4211
1633
4943
8998
5181
7376
1625
1264
5418
2612
6630
5450
2312
13
4033
2472
1894
7412
7927
7297
264
8562
112
8020
4366
8337
4263
4207
451
8409
4998
6416
8775
7598
3268
2469
2195
6180
3195
1940
7444
7804
8542
8631
3637
7866
4226
4273
2167
7339
2637
7521
2304
9430
1066
4919
558
657
9592
2550
2672
1988
3649
6309
4902
2876
478
368
6655
5976
1840
905
5369
8429
5706
9046
1468
4942
960
9010
7421
6145
7494
9121
9659
2002
3484
1866
4280
6018
9581
5944
8043
669
9710
7956
3302
5397
4947
3307
3968
6036
5167
7974
5543
279
4062
3119
646
3273
8949
6489
9576
8016
9827
5083
8795
8114
9372
6750
2000
5686
6021
8617
7584
8947
4161
1016
2392
4949
7917
8216
7118
9885
5558
6041
6811
4883
794
4273
4262
1071
713
672
4137
4787
5290
4892
5098
9612
7699
6983
6105
4146
1701
8778
2957
8308
9166
82
3615
6158
6798
4989
1090
2146
483
1906
9032
2947
9845
3860
1534
3468
4794
6535
9774
99
3155
2672
2789
3761
7399
3397
7438
9789
89
8005
7542
4418
8062
6717
554
6019
3560
4639
1014
9805
367
378
1126
161
4539
5832
5888
9956
4979
8106
3417
4015
2153
5813
809
2044
279
6906
9659
8741
1455
1088
5967
1616
5506
3298
1249
3318
2665
8908
5862
1376
4915
9298
2064
618
1369
5931
83
6460
666
2081
6257
2805
1858
9141
8789
3340
8017
6470
8687
6717
7473
6780
8116
9553
3535
7994
9016
3765
3568
2421
5311
560
8109
6993
7102
9224
5559
4313
8172
8225
8082
5874
8543
678
6735
6162
7058
3236
9438
4167
32
7894
3849
1315
2461
2587
329
1431
7278
7942
4927
5550
3860
401
3044
1145
2927
3858
9393
8655
3344
8643
4153
8917
4092
688
9966
289
851
5111
4250
7278
8833
1312
7726
8971
7146
4091
8871
3703
550
2102
9545
2494
840
8242
9724
8419
8513
5513
7591
3790
3187
7427
6155
2815
8290
2747
4265
9169
1395
8871
9786
3744
6587
359
7357
2686
9486
9480
5368
6049
6335
1028
8730
5935
5571
5335
7548
2682
881
3054
2292
3420
3411
1137
8135
7849
3598
1431
8436
7801
3232
5251
7742
4615
1594
4698
189
3931
1161
6080
2241
5993
809
6843
4976
4974
3340
4452
8347
5568
9269
7748
3110
9496
5092
1801
1519
4066
4930
4504
5949
2362
7242
8353
79
7547
9720
6384
5749
9498
5119
6597
2882
6637
6133
2970
8419
7573
2215
4710
4595
5851
1134
5209
4883
5698
6004
2799
5933
8543
2933
90
8306
250
8471
4371
51
7628
22
6472
9568
4328
4884
7341
5639
4613
237
3925
4710
7
1283
3485
1306
3912
2074
269
6072
8634
8405
8303
3370
607
3830
5505
3065
2887
1239
1975
5718
2945
3985
3349
6941
9096
7975
248
4121
7712
5410
2427
5923
5345
1020
9891
6909
482
9128
7711
5865
8928
751
5831
2434
1896
7679
5620
6352
2698
7368
4614
585
582
9486
1950
7518
6346
1249
49
1428
624
4833
7146
4584
2469
2777
1564
1893
6457
5653
7750
9243
5182
9359
8383
9375
3845
2934
6014
6987
1720
1839
4279
9155
9252
7817
3522
935
6592
8353
2453
162
180
3289
1481
1236
5796
1795
9365
8456
3860
8669
8013
5438
8385
9239
6188
4084
9817
7700
2786
6778
2388
7862
5824
5797
1345
6976
7769
8169
7366
4485
5845
1862
7857
7276
4803
7148
7439
110
2081
5672
4167
789
2748
8196
2552
8848
9384
2990
9513
3909
2478
5996
3372
4656
593
845
8787
8443
1345
4796
9714
2419
167
4563
799
9742
7210
9159
7151
2039
8434
8872
4025
1425
1455
1740
5493
6168
3319
7258
3682
7930
7378
7215
704
2845
1635
3800
6756
4505
4620
2516
4445
1755
4504
2109
5807
7952
5276
5194
1160
9082
9535
8542
1324
4729
6288
7896
2498
5601
7002
2556
2905
3728
793
1480
282
8285
3016
2002
347
8714
9848
8983
1921
7529
3074
1910
6096
3639
2324
4124
4101
9139
7041
6480
3850
7186
5067
626
3352
3993
7707
7940
1815
1109
4435
8676
2803
1876
7681
7959
6644
7713
8618
6316
4313
9017
7122
2664
2648
4084
3213
6514
1295
9996
1353
6462
5458
9887
1265
5650
7009
9358
951
9618
176
5550
4572
1159
1482
7956
8076
9386
5161
2759
5828
317
996
2019
41
4277
1056
7287
1408
5772
2519
1222
6643
2258
8129
7004
1344
5210
7860
6136
5891
8367
8300
6243
1799
4449
9818
1727
619
1985
9486
8816
9037
2953
5047
3145
8227
9251
3364
6633
6203
4659
4122
8366
4474
1234
9336
2730
6674
1578
9463
2701
3180
9659
9180
9960
4373
1346
3666
4629
1410
7263
4431
6029
8675
2979
7983
7059
5157
573
8395
4568
6397
7709
1326
3406
8708
4137
9470
4137
7000
5248
5852
912
463
5617
7429
1017
5959
7712
3852
9469
1231
2701
9028
4764
7102
803
5275
1017
9507
1114
3714
7893
8951
9497
1071
4062
2545
3535
2158
8039
7419
2804
2296
8831
9499
2229
1486
2942
6591
2528
2110
3418
3470
4938
2183
7964
483
3140
3550
6114
6409
4931
6922
9669
5097
8714
9337
6424
3868
948
7552
2761
113
3039
2832
5222
4569
4119
4843
319
3727
7259
7701
1038
8254
9759
7960
3993
3355
8470
759
6963
7278
6941
6482
1821
2247
5610
466
8649
2038
3336
7917
2100
4413
7955
8034
7040
9147
7586
678
2181
5526
1511
8869
3229
1375
699
9259
1742
8050
2784
3659
8388
7890
6454
4380
1204
4186
9730
1421
2805
5279
1974
5139
2380
3817
7248
7480
5736
5100
3436
9988
4839
1349
6167
4842
3060
5060
6961
5923
2618
1200
9290
9496
1694
7977
5762
8632
9515
8789
7340
8938
7385
2399
646
3195
5955
8424
9634
7605
8866
8270
9163
980
4724
9427
1597
5077
2876
1931
6144
9208
6415
6336
4551
1460
9843
8424
9849
6813
314
7239
3676
1
8162
2179
7235
1947
4811
9961
6502
547
7211
2072
4832
7689
7169
6002
4853
8454
1895
405
9273
5071
4587
7824
2808
1014
7564
7442
1502
3634
5872
8530
4099
8458
4481
4830
1995
1386
2059
7959
8225
2929
8537
7241
4168
8015
9222
1047
7687
7099
9649
5234
5985
6599
5981
6196
1641
4184
2014
7506
9183
6741
2202
3217
6330
9625
7069
6967
6339
1799
4671
5458
9761
1900
9887
3160
1114
9251
9677
9364
3812
1740
4872
2096
5363
6665
5105
8106
2646
7572
764
3609
354
4591
6063
1296
7673
718
269
3530
9675
3318
5618
4566
1676
3029
3868
9409
8676
3112
1179
383
4913
8754
7146
8467
5755
2420
2399
5074
9331
1036
4937
6105
3080
6997
3246
3859
4821
8913
3135
3440
8038
448
2052
2591
2965
6039
8549
7661
4846
4004
128
4288
7438
7259
2335
1555
4157
8452
6820
4420
8485
4072
5015
7744
7546
1306
1909
1033
8914
1967
8747
5351
7047
8755
5492
1402
9174
1909
9549
2326
5846
926
6294
3358
3323
7319
670
2058
9521
3198
5243
7430
4335
3452
32
2526
4569
1754
1894
4255
4009
845
4480
9020
8564
1935
5347
8710
8938
7301
1378
4644
8204
9167
5798
6000
7374
3721
8062
1486
1414
9735
1342
7576
6122
1036
4225
9053
7747
9330
6648
981
7222
7767
7856
5745
2437
1612
3445
2964
4272
9436
7143
807
4652
6743
107
4855
5057
7053
8342
5341
6596
7397
190
8783
1128
2405
4054
3955
1543
8266
8339
2997
3634
1912
3699
7303
7959
289
2525
8392
8531
3682
9286
2761
8161
215
6325
6687
4753
9192
7612
819
8827
3751
899
1283
9994
9976
8526
6536
4020
3239
6964
6787
5617
8474
1496
9396
2279
7099
5661
5893
8897
4339
7398
1164
8065
7300
8644
8524
5349
1976
3225
3458
70
1662
5459
9922
6600
8865
9996
8764
7550
6725
5723
1224
3382
8042
2475
5409
3622
1129
1247
7276
2747
4286
2660
8878
6806
7448
7056
2460
5147
7389
7390
2257
2172
1670
8562
2457
3362
1447
5961
776
4507
5084
6560
3800
1984
5455
2888
8862
9787
3925
3483
1374
7802
5160
3886
737
8711
6358
4763
6502
8478
9062
1943
9838
8517
7189
6706
8559
103
5187
3798
5511
4095
1652
8434
3224
6486
869
5813
627
7514
60
9973
8639
6731
1960
8754
5222
8743
6252
6868
8204
6708
4795
8506
9663
2861
9402
680
8833
3113
426
2889
201
6611
8693
3064
1522
9616
6259
7930
749
5525
796
1140
8179
505
3313
1397
2313
2952
7990
3057
5465
9150
7934
5936
5084
9106
1324
278
7746
7502
3515
4309
6294
1471
2761
5538
5464
7690
6654
1061
3885
7590
447
1852
3398
2219
1230
6433
9969
3042
7735
1987
6138
7721
3162
2332
5083
8488
5416
6851
9497
4075
381
3110
65
6339
4125
8025
2776
4885
1303
7792
2644
1307
120
5549
632
1614
3301
1680
9511
7034
1774
7613
6328
7452
1113
4101
8383
7171
9690
3280
1519
3011
5802
4976
7059
8846
4247
1907
5596
6091
2785
7436
2354
1899
5463
1503
6770
9773
6262
3325
6546
2877
4931
2971
3654
5725
3582
7040
3384
8503
9624
612
723
4781
6516
2205
5509
9157
1114
7338
4917
577
7274
2553
6055
6675
3819
4317
279
1194
8707
8000
1334
3089
6700
7673
3469
140
1136
8272
436
5918
7878
2935
1382
3041
715
3505
1002
5689
1134
4980
9497
8053
616
7218
365
6747
94
6923
9941
9902
791
9972
6983
973
757
3188
4674
1389
8524
6670
2337
5097
1538
9955
1648
3878
6419
2884
5339
421
838
4888
3080
4973
5041
2578
1791
3840
8109
3189
1305
2172
8730
5408
7462
6366
3958
2609
9419
3988
9791
5982
7872
1179
360
378
4957
3769
7073
6499
3446
4577
8197
6244
9102
1008
727
3512
5911
4721
3395
5438
699
6829
3538
3973
4125
3027
5358
3501
1564
4546
8925
40
7215
5492
5591
3522
4098
2481
7530
4639
7089
7584
4986
3325
6397
9066
6966
2181
2681
4949
3044
1212
4362
5825
137
7012
9011
8523
6017
4909
164
926
6393
2667
2760
2783
7262
5739
1741
2556
9899
401
8615
5163
6247
4069
8397
8629
3704
5360
9406
881
1943
5411
1128
2122
6704
8999
9790
7976
2332
4818
6941
1652
846
4542
1677
9710
9802
4472
4552
9464
8220
3189
9923
8628
7679
7129
3980
1204
6701
6511
3179
7148
7541
1367
3195
5138
6232
9051
3787
4264
6171
3908
3001
2100
2617
8584
8091
7248
9291
9092
4270
6318
1736
2447
5069
3596
9679
4494
419
4358
4664
6701
1996
832
8069
8312
5257
1042
8690
4852
4472
1084
9523
6526
8693
7659
3436
7630
2999
9688
5129
2239
1016
7103
6150
2652
8850
1832
1897
7357
3364
19
5756
3371
1823
3682
8561
7699
2017
2766
50
7123
213
5553
4397
1943
6521
2853
3563
8570
7063
6329
7690
2615
2675
4291
1775
6079
3253
9292
5067
5991
4055
5832
4349
4309
3817
12
6531
7924
2294
4259
1422
2064
5317
5038
2889
824
5860
6813
8498
9758
7433
6420
1735
7499
4375
5933
7207
2758
7298
6452
8197
6784
698
22
517
6237
3435
2456
6299
8996
392
8505
2177
8372
2301
2878
218
3625
7601
7393
4931
4188
3573
6309
5713
5800
4486
1551
6361
5419
7573
4930
2493
4480
5759
6669
1828
8339
8074
4916
4479
619
3257
8868
9040
4694
5209
4137
6110
860
1489
6985
9689
8539
4315
8441
6686
5728
3208
6410
5801
3632
7653
4481
5486
992
7049
4830
2791
4985
8180
388
2620
4209
8560
2428
3699
9887
413
4028
5779
2584
2155
3498
1290
2746
4587
9572
6967
5449
8716
1002
9405
5900
6333
6421
4410
2853
5031
8112
5220
2848
7045
4657
9056
6691
2069
5634
1642
2116
1811
6834
3441
2272
5477
3457
3774
4959
9588
9343
2342
8279
213
1651
4805
4142
9680
2212
7934
5319
4254
590
8287
9515
169
1692
4437
9002
5633
6981
3018
5498
2215
4289
2105
5168
8333
5922
299
5849
7425
3648
1215
4300
9695
1566
7771
519
8380
1559
8793
1183
3058
7019
9366
291
8269
1078
248
8756
5536
8377
5285
9432
9370
6015
2308
1359
894
5586
2944
5174
5123
6274
5936
9475
1641
4132
9119
6426
4079
3083
9132
3990
2966
7526
6751
3423
3397
6120
3467
754
6501
9070
9255
3169
2678
9528
6240
554
1620
598
9748
7287
7653
6688
2593
6112
5674
342
1156
1164
6195
8414
3341
5390
5354
6309
1131
6214
5679
8098
7797
6500
2104
3285
3827
7916
366
4933
4204
7691
6273
3038
2902
2937
4161
7876
7500
2698
7988
4380
4661
5155
700
8427
7494
9877
5586
5587
4283
6524
2144
469
7314
3771
4518
4868
6622
556
2291
1497
774
9187
8164
5628
404
2280
9077
9581
5998
1437
4097
123
9270
1006
3268
2640
1916
4085
7837
5010
5354
8257
1583
6400
2313
3979
8290
5481
672
4759
6260
6524
1039
1460
6141
2390
988
1949
8477
3841
2837
800
5062
9922
8300
2574
2957
3902
5879
9370
2742
9224
7507
6618
9119
5223
7447
1901
1609
5724
1021
3210
3912
6833
428
3877
1720
7015
7335
8793
3194
8812
1355
2124
7722
7959
8223
3924
9112
6269
9925
5915
2181
1029
4632
5492
4088
1456
9061
6638
3561
2051
8709
2109
7030
9179
9323
9180
5889
5101
8164
665
8587
9115
4581
7529
2194
2187
5412
1182
8595
4294
2667
5718
7720
2583
5930
3326
9169
2414
9984
2434
1653
5660
7824
846
222
5705
8379
174
4396
4284
9433
3983
8375
4046
2454
1388
1351
4025
2074
2592
7633
5842
6250
9291
559
8178
9005
5776
2652
6858
73
9652
4188
418
5289
6335
7406
2161
3064
9044
4329
9185
4186
4579
7986
3950
3120
3367
5959
5633
283
1737
2753
9031
5656
1876
8391
4153
1791
4044
7489
9977
9202
5250
6534
2554
2859
4634
2017
8407
2161
6464
3669
922
840
9688
3323
4391
9858
1744
1675
5210
2749
6481
1923
3003
6455
2686
481
2041
9410
9423
5891
9809
6803
432
6806
9380
6122
141
4720
5177
482
2384
4812
6193
3530
5481
3005
6944
6475
2876
227
2443
3026
8395
9254
50
7628
4386
3082
8318
1017
7839
7949
9812
7528
2400
9955
2163
9165
6089
5853
3130
3368
4770
610
4733
223
2191
8831
5119
8943
7125
5298
6991
1868
9330
35
7150
9046
9488
1927
2556
3803
5148
7267
1427
3257
2295
1577
6777
686
9448
4826
8150
8653
9916
5786
5436
2745
3902
6361
5424
2690
4443
4249
9070
8934
6759
2945
1353
9358
4656
8964
5508
7406
6431
1587
4119
3287
6668
6947
4917
2385
6405
4641
9838
9419
9876
4120
1880
9794
2869
3752
8307
5634
6748
8327
6278
5296
6195
1250
5082
5969
762
7636
4891
8332
7979
8819
8166
9377
9536
8475
3704
4470
6169
8810
750
4492
1696
1748
4679
9206
9765
4371
8173
850
5869
8011
5380
5466
5792
3951
6035
3200
2724
9258
5898
7863
2594
9823
4275
1530
1724
4191
5925
6148
1743
3171
1111
6202
3850
5873
4253
887
9370
1210
4294
666
1437
4947
1736
4120
8264
3342
378
1681
1203
9178
9779
9955
5517
286
4332
2024
7484
1573
4914
7
7380
6987
1321
5022
3437
9581
8022
7241
4550
299
5870
9641
4998
8658
3998
1192
1275
3579
568
95
6982
8674
872
8889
4110
8086
5150
4005
4186
3652
3767
4059
2538
164
7903
2239
7817
4609
1798
6679
6249
6647
6103
5625
9914
7173
3270
2068
3171
2732
6503
2516
1467
9364
8601
6547
1378
3866
3869
7346
8267
9768
6726
4091
6305
4286
5540
7115
2540
8552
1262
7045
1097
2801
8451
1703
3021
2340
1477
6941
6280
2630
9421
1156
2511
6166
8137
8883
3095
6980
1208
3670
1251
5084
5540
5678
6141
7759
3962
1683
3870
2989
3211
3175
9264
7542
7363
7390
471
3817
7983
4627
316
7236
1881
307
5248
9752
8339
4217
3248
3432
4334
6853
200
2713
3304
9860
9589
7359
3160
5192
9460
3969
2290
9599
7355
1108
662
3790
1406
3642
1915
9728
4167
7357
353
3562
5498
6967
7282
294
9344
4141
9552
452
1784
6961
4621
5436
5109
300
6118
9825
325
211
8313
6792
8078
5265
9679
792
5690
7773
9256
3360
1692
9640
2694
6224
765
1186
6649
7463
2787
3204
5591
8167
2644
7506
3670
5767
2587
5470
4330
8619
2510
8754
8401
9691
378
8688
750
174
52
2026
8071
1369
6656
4597
5704
7207
1784
1799
2909
2844
558
9231
3313
3323
3809
8001
6985
2375
9151
8515
9824
4655
9684
6960
6097
1966
414
1647
2182
4383
82
1682
3635
627
9633
4943
6542
9187
7130
6129
6853
3873
781
4966
8764
8676
5518
1275
8228
7605
3207
8323
5538
5902
5718
6904
4967
1571
5891
5415
9194
5153
3879
5859
7161
3067
93
4022
9142
2534
138
2893
6507
5674
8251
3782
8072
2388
1275
568
2373
1436
3855
8659
2035
1182
7276
5673
8614
2116
4010
6639
8855
2929
6885
9356
2005
4295
3738
6700
7777
6041
8328
7991
5971
176
5726
1875
6210
2605
5649
2404
8564
8921
1674
2983
1640
5194
6153
3939
636
6103
5511
8693
4477
2091
5684
6627
2723
4221
4678
5942
287
780
4330
1430
221
144
2085
8031
6530
2102
6568
6263
2744
648
6143
3213
5947
8672
3113
4371
8632
9208
8981
1615
332
8451
1318
8944
3999
5603
1216
4005
7952
8446
5269
9246
4284
5271
9658
267
8179
9457
8204
6279
5395
6617
4662
8985
9343
412
2537
352
6555
3193
5093
9314
5671
7410
5351
3674
4881
2213
4813
7271
6568
4381
8571
9994
9246
9320
8524
2810
7904
7646
7585
1685
8388
189
3136
3843
3921
3182
8477
9865
9105
5279
2896
961
398
7419
7851
2276
1864
79
3105
6100
1246
4943
5048
3
461
2410
1819
4616
1290
6147
8807
1567
6952
5284
1874
3498
2800
5749
9150
3756
9099
1359
650
8141
3536
9880
4377
4897
5689
5664
9818
6463
4454
3620
7534
2523
6966
3849
5388
379
7355
8273
1644
8673
3601
8095
1501
3950
6395
2239
5264
7527
2957
6742
8875
9539
2454
2699
7927
2167
9470
1803
2484
9653
7664
3875
6290
1505
9439
8997
8373
429
3994
2835
2429
1768
6935
9157
7177
4084
4193
4563
3773
3209
486
670
7282
4238
3639
3820
3228
3973
7521
5298
3941
2502
7304
5658
1311
6265
5515
6875
7779
6564
1919
1804
7461
2042
4945
8454
2619
7910
5322
1826
4437
3652
483
8599
3344
5418
9325
1252
3054
4487
9795
3259
6964
7306
4776
932
6831
5391
6005
9686
595
5931
92
5243
7427
7709
7125
6495
3466
5046
9315
5351
3408
522
7492
7123
9948
3358
2140
5046
2254
1954
2096
3784
4618
4605
4935
3492
7168
9933
1217
9364
2354
31
6496
9401
6715
1418
383
8808
2185
9120
4943
9656
8929
876
2150
5213
772
717
2888
3296
3131
962
2742
9959
5111
8086
7309
3158
1609
8369
1445
1686
7171
6999
9743
4776
35
2420
3695
5845
6564
4716
1383
8716
541
7576
6464
5646
8336
4436
5322
7473
5424
9484
2391
9349
5452
5157
703
9606
7480
1910
8191
415
2661
3455
9903
3039
9404
388
9351
8127
2710
822
4255
3737
1928
80
7967
7793
5001
5415
8274
6908
5270
8369
6275
5820
9497
754
895
3834
2916
1508
4388
3686
6696
4587
8133
8641
2292
2833
3458
1410
2769
1623
1333
5076
3422
2448
9864
2695
9277
8955
2168
5448
607
5019
3340
6533
6481
5009
9811
6113
6766
4846
4840
1523
5203
9253
9499
2785
574
6811
8607
372
6075
9862
4391
7263
7951
8627
1351
1953
8282
2196
3812
8798
4468
970
6151
8999
7508
216
9323
9186
6006
7064
4203
4566
495
643
928
1836
5525
624
6230
8761
5118
6013
6898
8468
7363
6486
3489
5456
4546
3724
6300
489
6109
90
4566
3057
5658
1142
3998
3179
2171
7899
3616
1992
2043
2194
1330
4543
2690
4604
3893
869
5977
8202
9499
8512
5805
9394
7560
7191
3769
5069
2858
8886
9043
9056
2431
6513
1879
513
5251
6212
1000
3410
5323
1650
1921
6602
373
5213
3644
2044
8998
2199
2748
1656
6689
9236
2562
6797
2706
375
5750
367
6857
9955
9084
8841
8475
5303
2811
3478
2085
2794
638
849
8209
9204
6420
9636
9966
3861
6833
6417
5703
170
3291
300
9541
3426
5265
5733
4757
6608
9620
9559
5163
2011
4221
1629
9029
2962
3642
787
4878
6919
3142
100
8292
8731
189
1523
8745
4204
3615
9844
3455
508
1232
4848
9044
6466
477
3440
3472
664
1232
8593
415
3392
372
7995
1667
6639
5724
2327
1389
1764
7250
7038
3884
8264
4109
6043
9681
8991
1851
9811
2301
1749
7354
9392
5055
1225
5248
1330
9308
9324
9655
993
4803
9535
3932
7530
2535
3571
7374
7663
6144
1068
2738
8586
1526
6504
3934
4673
5240
2889
91
1882
1653
4116
432
4126
8864
6155
9377
5778
6149
2756
3387
7385
4648
3271
8086
1914
6377
4951
7411
8575
2353
7458
5155
1466
571
199
1597
1508
7837
6929
150
7310
257
2506
5360
380
8604
184
1477
5479
2300
7942
6393
1312
7308
6388
6733
8467
3488
8726
1899
4852
5687
3239
7737
6855
3314
6069
559
6120
3824
133
5487
9887
5672
3277
3845
7572
4692
4664
6766
9258
8007
4098
1489
6048
7572
479
9621
4556
3400
561
7169
7510
5929
654
7494
1939
5997
5268
9090
6977
2794
1258
9153
25
7597
3664
7571
1804
3458
1793
9970
9022
8724
4715
6036
4520
3475
8908
9368
7609
3682
9329
8455
4063
9690
9115
4483
2372
8235
9185
9125
6981
2642
7772
3664
641
8242
7332
1676
6875
7715
3608
8622
3378
66
3014
3171
9611
1869
1524
9848
4097
7176
4722
8012
1878
7498
2982
1533
5805
9753
9748
7758
6311
533
6977
8841
7743
9035
7730
6513
4658
7088
8438
6181
7472
4146
4742
8479
588
5498
5689
4347
7345
7285
2916
3022
1875
6326
7606
3054
2531
614
1768
9086
4380
8849
911
1277
9988
4429
8956
9320
5060
275
5643
7489
1178
2066
4656
9429
2890
5514
1093
7294
4133
1467
1119
870
2201
3064
2368
2698
8564
6904
6039
8366
3470
6318
7681
4304
9881
3342
1438
6961
1760
8917
2896
2104
6034
4815
5419
1810
3839
2278
5823
414
7374
8482
7561
7865
4539
2881
4860
2657
5677
3824
443
8394
9583
1015
9120
8736
834
4314
3459
9606
9679
3960
4450
7202
8651
1879
9747
9814
8215
9737
4909
5975
3864
3539
1649
8913
9026
3880
2441
4737
5673
5475
3943
9398
1487
7009
8803
4978
1295
1529
3002
944
8582
6050
3084
218
5859
3180
4321
1170
9272
8825
8647
1233
9444
5219
1728
9574
6223
7019
4245
4722
8188
4895
4817
338
6736
3765
1259
4637
6639
7863
8132
6796
7784
6588
8205
1590
8867
2108
9985
9545
7277
8167
3712
7353
7121
8385
6290
1308
1659
4163
6530
96
2036
9272
4553
2753
9121
4451
1529
3265
841
4539
4015
530
336
3562
1609
5507
9615
8637
4412
5072
6687
4618
1437
5171
8690
813
5352
6878
7111
1164
929
7142
8677
9614
1609
9445
7891
9541
8543
2759
159
8708
8328
6986
5745
9268
1154
3239
9928
7743
9712
9792
8915
8276
9039
9111
4730
5940
5213
9068
8342
6712
8568
9418
4950
5642
3984
4766
9247
3711
111
4975
5297
8743
2475
7624
3809
5259
2004
2298
9765
9291
5421
2807
6419
950
5962
1038
2419
7529
3211
8156
141
5570
9035
6175
5773
7885
8038
4908
1622
591
3707
1199
8638
1968
6751
7381
1044
3590
3620
4744
8248
6252
1361
392
9734
7684
4377
9107
6384
3054
8009
8876
8375
237
5760
4166
4663
1461
9286
9784
2376
6075
8881
4860
4794
4723
651
3205
6489
1175
3292
7145
8341
1996
322
4886
2038
9995
4403
3237
6355
7611
929
9929
8146
4101
9603
9422
2138
4229
5166
6349
7368
4156
6622
4527
9922
9861
6475
2371
3588
7280
4380
9289
3111
4735
1776
7295
2134
7638
896
1669
3291
8457
7295
6898
4799
6701
5840
507
9059
1961
343
6635
6389
4617
5690
9818
6241
3647
1802
928
3682
2100
5244
5116
5487
8657
5246
8103
6658
1738
2384
973
7838
7352
8007
8458
3280
738
8466
6806
939
4492
8612
4267
664
847
5366
7462
7755
2068
4971
578
8057
7060
51
4984
353
8754
9907
8448
130
8354
588
7554
9400
6098
397
1565
1974
3721
2597
7983
9401
3693
578
8555
7202
237
1031
7676
4976
7832
4784
2612
2458
7644
3479
5148
1707
3678
2929
8971
4492
9446
7506
9125
3510
2369
5063
4904
5514
877
3510
8045
4531
5758
2969
9921
889
9898
5933
8374
2641
7836
9368
9884
4097
1973
1251
5794
3522
4780
966
3306
9470
2126
4527
4856
8318
9906
4024
5648
8539
3523
5619
3953
7715
8179
2551
6065
7824
4623
7155
868
1828
9990
9644
2455
5092
9780
3275
1447
5816
7652
9918
3856
6287
1849
4939
7784
2357
5906
9722
4427
4961
2277
6187
6368
1797
3715
9959
6066
4448
7326
2385
173
6754
1338
4675
4008
8255
1463
4607
8765
6343
944
2950
477
9660
6259
8359
6320
6570
9666
433
2548
9159
2170
6330
4190
2526
6178
8898
3694
8576
1796
7659
2325
7043
9184
7671
3728
8869
1622
8524
1429
6638
5166
5986
150
195
8029
7739
3293
3848
2786
5303
4496
3968
7925
2759
681
7537
7790
456
4769
1061
2735
233
3358
4410
5088
2941
2003
1712
5781
5487
4223
8143
4088
2287
2361
4168
7726
2540
2711
1430
1938
7299
2169
3285
5733
9804
5584
7280
3178
9976
1926
446
5895
4378
5645
3167
9840
8025
8860
2843
8139
679
4361
8759
3763
1266
6972
9622
6150
4301
1571
8346
8261
9334
6730
4046
5789
3223
7563
9879
3391
4769
301
6153
998
3546
6416
1261
65
9373
6423
4358
2014
6148
8624
5631
6266
77
3285
4827
2055
7049
8943
3214
8506
2429
9398
7821
9132
2291
1916
3223
8929
2483
8828
5327
9523
1875
9059
5960
5618
7565
3303
3243
2563
7959
986
6203
8204
4302
6519
760
6014
866
1351
2647
6372
1716
5911
9665
5109
5744
3608
7370
176
7225
3009
7874
7308
4778
2123
8166
3326
3180
1527
8518
2832
4776
5925
1141
8007
1076
7301
2120
9683
1633
5047
20
9513
3198
8271
3865
8710
9869
935
1447
5069
6223
5362
6501
8
2891
2841
5501
5022
4257
5607
7187
5975
8640
5374
7514
4070
3592
113
6324
3022
4522
1650
6940
9028
2435
2600
6160
3805
7607
2587
9314
8837
4243
2416
2902
2802
1083
3251
3323
5104
4531
5561
323
6625
3050
1060
1177
9239
6030
6078
1312
4379
4283
5491
8649
4741
151
9264
1751
9567
1594
442
9116
6669
5175
3967
6713
198
4697
3601
4924
4417
4251
9823
8233
4434
6155
6106
7936
9267
3609
4972
4510
881
3098
2171
5462
5087
3677
7820
8363
2687
9567
843
3917
2777
2977
7596
7229
26
2454
9917
7179
4188
3204
1733
8454
6885
2342
5569
9823
8266
3333
6727
1623
5526
7376
5111
2208
5915
1084
6194
7853
1224
3213
3652
8616
1560
5190
7113
1568
6141
1857
1179
1017
8848
9866
9468
207
6215
9761
9430
5762
4363
434
716
9989
7147
5172
8078
2041
2016
6305
1163
6900
4248
5667
2898
7421
8324
4067
6464
8426
3080
4592
346
3753
6022
8736
8398
774
4662
3764
7424
7036
1366
7448
2333
1532
8929
5668
816
5090
2024
5818
3038
2693
3576
5499
4582
1822
51
1993
3080
518
3836
7372
8290
254
8872
1103
8093
2177
8034
8892
2900
6338
4375
9444
1480
5560
8280
5373
1904
1474
6034
9357
100
4202
6550
1987
1380
8097
909
5834
6893
4883
6466
5364
973
8547
3615
7019
4224
5942
7599
6232
8603
4375
1112
4436
5604
7537
2628
9323
1323
321
9266
2275
6338
7757
5588
6253
3078
2571
6336
1411
344
4563
242
6773
207
6628
2486
5709
9808
1594
441
3961
5818
5752
9181
4116
1853
7775
2359
239
2097
7904
4129
2649
8435
461
794
5083
3190
9584
6157
5546
1131
1163
9754
6311
5894
6903
8875
8386
7621
729
5129
5792
9835
4966
8826
7395
7217
3116
2052
8070
1518
8202
4710
5321
9961
7362
8498
8918
7236
617
1271
8574
5078
2573
6135
6369
4996
6935
165
2425
6754
6883
5801
4182
5008
5725
143
3907
6699
3118
156
511
4411
1038
8476
9717
4390
7196
3191
2503
5775
4842
4947
4651
5615
5489
1950
1776
5978
3979
6855
2863
4587
9573
4980
2434
7047
5334
3819
8825
3819
7646
503
2520
4188
420
9069
1044
7937
6243
7783
4865
1861
6974
5961
2208
7797
7109
7608
5114
7017
7752
3599
8720
2679
2435
6049
5085
447
6825
2777
4403
9186
7291
5035
9866
3044
6366
136
339
1293
8527
217
57
1691
9769
1343
4249
7559
7069
8239
8610
4300
9784
6209
1946
2930
4762
6409
916
1387
9345
3486
2506
2803
3370
1764
7651
5325
1785
369
8030
3545
4330
9248
3761
7325
788
4262
8496
9528
7474
5071
3204
5578
820
2676
3855
6991
4772
7258
2000
2638
7848
5927
5195
2711
2983
2367
787
2373
5661
3515
1580
3763
8339
3648
5539
9562
8947
6446
2970
6338
2297
7324
3076
5777
4011
3531
7608
6727
3421
9746
2623
4265
2184
681
2339
2562
127
8252
5468
3280
782
1235
1126
489
5527
1392
4429
3578
9995
5536
2657
6215
2676
783
5935
2150
9343
6577
3821
3102
3648
8183
4097
1961
2103
7355
3891
8439
1111
2878
6856
2637
427
130
6868
4214
2069
9804
7585
5390
6795
6954
6735
9614
3336
3854
8610
4808
